RC-12 audit_rules.py (diagnostic): value picks of cheap rules on the real dev VAL probes.
RECALL:abstain X probes (one candidate) and T0 / K are left out; BIND per pair.


family:cell               POS2      POS3    PENULT ANTEPENUL  MOSTFREQ LEASTFREQ ANTI_OVER ANTI_OVER ANTI_WORD PENULT_MA  units
BIND:owner                0.00      0.00      0.00      0.00      0.00      0.00      0.00      0.00      0.00      0.00  12
BIND:perspective          0.00      0.00      0.00      0.00      0.00      0.00      0.00      0.00      0.00      0.00  10
BIND:third-party          0.00      0.00      0.00      0.00      0.00      0.00      0.00      0.00      0.00      0.00  8
CORR:C_noupd              0.44      0.19      0.12      0.19      0.00      0.00      0.00      0.00      0.00      0.00  16
CORR:C_twoslot            0.19      0.38      0.25      0.50      0.00      0.00      0.25      0.00      0.06      0.50  16
CORR:U-diff               0.00      0.38      0.12      0.25      0.12      0.12      0.12      0.12      0.31      0.25  16
CORR:U-same               0.00      0.38      0.19      0.31      0.00      0.00      0.00      0.00      0.19      0.25  16
LOOKUP:menu               0.12      0.12      0.06      0.06      0.06      0.06      0.00      0.00      0.00      0.00  16
LOOKUP:rota               0.25      0.19      0.06      0.06      0.12      0.12      0.00      0.00      0.00      0.00  16
LOOKUP:tour               0.06      0.19      0.12      0.12      0.19      0.19      0.00      0.00      0.00      0.00  16
RECALL:d1-3               0.31      0.31      0.31      0.38      0.31      0.31      0.38      0.31      0.31      0.00  16
RECALL:d4-7               0.38      0.31      0.38      0.31      0.31      0.31      0.25      0.25      0.31      0.00  16
RECALL:d8-11              0.31      0.38      0.31      0.31      0.38      0.38      0.31      0.38      0.38      0.00  16
ROLE:named                0.25      0.21      0.21      0.25      0.29      0.29      0.25      0.29      0.29      0.00  24
ROLE:unnamed              0.33      0.33      0.33      0.33      0.33      0.33      0.33      0.33      0.33      0.00  24
TOPIC:topic               0.33      0.33      0.33      0.33      0.29      0.35      0.27      0.27      0.33      0.00  48
TWOHOP:COMPOSE            0.50      0.00      0.50      0.00      0.50      0.50      0.25      0.44      0.50      0.00  16
TWOHOP:city               0.33      0.33      0.33      0.33      0.33      0.33      0.33      0.33      0.42      0.00  12
TWOHOP:day                0.33      0.33      0.33      0.33      0.33      0.33      0.33      0.33      0.42      0.00  12
TWOHOP:door               0.33      0.33      0.33      0.33      0.33      0.33      0.33      0.33      0.33      0.00  12
TWOHOP:month              0.33      0.33      0.33      0.33      0.33      0.33      0.33      0.33      0.25      0.00  12
BIND (pool)               0.00      0.00      0.00      0.00      0.00      0.00      0.00      0.00      0.00      0.00
CORR (pool)               0.16      0.33      0.17      0.31      0.03      0.03      0.09      0.03      0.14      0.25
LOOKUP (pool)             0.15      0.17      0.08      0.08      0.12      0.12      0.00      0.00      0.00      0.00
RECALL (pool)             0.33      0.33      0.33      0.33      0.33      0.33      0.31      0.31      0.33      0.00
ROLE (pool)               0.29      0.27      0.27      0.29      0.31      0.31      0.29      0.31      0.31      0.00
TOPIC (pool)              0.33      0.33      0.33      0.33      0.29      0.35      0.27      0.27      0.33      0.00
TWOHOP (pool)             0.33      0.33      0.33      0.33      0.33      0.33      0.33      0.33      0.35      0.00
cells above 0.50 (value level): none


family:cell          NOMARK_LA MARKER_OB PREV_FRES   LONGEST  SHORTEST    MYONLY   PRONOUN  EXL_LAST EXL_OVERL EXL_WORDI EXL_MARKE  units
BIND:owner                0.00      0.00      0.00      0.00      0.00      0.50      0.42      0.00      0.00      0.00      0.00  12
BIND:perspective          0.00      0.00      0.00      0.00      0.00      0.10      0.00      0.00      0.00      0.00      0.00  10
BIND:third-party          0.00      0.00      0.00      0.00      0.00      0.00      0.00      0.00      0.00      0.00      0.00  8
CORR:C_noupd              0.12      0.25      0.12      0.19      0.25      0.00      0.00      0.12      0.25      0.50      0.06  16
CORR:C_twoslot            0.00      0.50      0.50      0.31      0.31      0.00      0.00      0.25      0.25      0.25      0.50  16
CORR:U-diff               0.00      0.00      0.12      0.19      0.31      0.12      0.12      0.12      0.00      0.00      0.19  16
CORR:U-same               0.00      0.12      0.19      0.38      0.31      0.44      0.00      0.19      0.12      0.50      0.31  16
LOOKUP:menu               0.06      0.38      0.19      0.06      0.06      0.00      0.00      0.19      0.06      0.19      0.06  16
LOOKUP:rota               0.12      0.31      0.00      0.12      0.12      0.00      0.00      0.00      0.06      0.00      0.06  16
LOOKUP:tour               0.19      0.25      0.06      0.19      0.19      0.00      0.00      0.06      0.19      0.06      0.19  16
RECALL:d1-3               0.31      0.31      0.31      0.38      0.31      0.69      0.00      0.31      0.31      0.31      0.38  16
RECALL:d4-7               0.31      0.31      0.38      0.38      0.31      0.88      0.00      0.38      0.38      0.38      0.31  16
RECALL:d8-11              0.38      0.38      0.31      0.38      0.31      0.88      0.00      0.31      0.31      0.31      0.31  16
ROLE:named                0.29      0.29      0.21      0.33      0.33      0.46      0.00      0.21      0.21      0.21      0.25  24
ROLE:unnamed              0.33      0.33      0.33      0.33      0.33      0.75      0.00      0.33      0.33      0.33      0.33  24
TOPIC:topic               0.31      0.29      0.31      0.33      0.33      0.42      0.00      0.33      0.31      0.27      0.31  48
TWOHOP:COMPOSE            0.50      0.75      0.50      0.62      0.56      0.50      0.00      0.50      0.50      0.50      0.50  16
TWOHOP:city               0.33      0.33      0.33      0.17      0.42      0.33      0.00      0.33      0.33      0.42      0.33  12
TWOHOP:day                0.33      0.33      0.33      0.33      0.25      0.33      0.00      0.33      0.33      0.42      0.33  12
TWOHOP:door               0.33      0.33      0.33      0.50      0.25      0.33      0.00      0.33      0.33      0.33      0.33  12
TWOHOP:month              0.33      0.33      0.33      0.33      0.25      0.33      0.00      0.33      0.33      0.25      0.33  12
BIND (pool)               0.00      0.00      0.00      0.00      0.00      0.23      0.17      0.00      0.00      0.00      0.00
CORR (pool)               0.03      0.22      0.23      0.27      0.30      0.14      0.03      0.17      0.16      0.31      0.27
LOOKUP (pool)             0.12      0.31      0.08      0.12      0.12      0.00      0.00      0.08      0.10      0.08      0.10
RECALL (pool)             0.33      0.33      0.33      0.38      0.31      0.81      0.00      0.33      0.33      0.33      0.33
ROLE (pool)               0.31      0.31      0.27      0.33      0.33      0.60      0.00      0.27      0.27      0.27      0.29
TOPIC (pool)              0.31      0.29      0.31      0.33      0.33      0.42      0.00      0.33      0.31      0.27      0.31
TWOHOP (pool)             0.33      0.33      0.33      0.33      0.29      0.33      0.00      0.33      0.33      0.35      0.33
cells above 0.50 (value level): RECALL:d1-3:MYONLY=0.69, RECALL:d4-7:MYONLY=0.88, RECALL:d8-11:MYONLY=0.88, ROLE:unnamed:MYONLY=0.75

GATE (non-reference rules incl. quick_shortcuts: cell <= 0.50, family <= 0.40): PASS
