RC-12 end-to-end fake gates (validate_e2e.py). Plain render, greedy, no context limit, no model.
640 records x 41 fakes through runner.play -> runs/fakes/<NAME>/transcripts.jsonl, read back and scored by score.py.

fake          RECALL     CORR     BIND   TWOHOP  PERSIST      OWN    TOPIC     ROLE     LOOP   LOOKUP        U  C_noupd C_twoslo       T0 K:follow   loop    ack  R_ug S7_ug
IDEAL           1.00     1.00     1.00     1.00     1.00     1.00     1.00     1.00     1.00     1.00     1.00     1.00     1.00     1.00     1.00  0.000  0.000 100.0 100.0
IDEAL_ALT       1.00     1.00     1.00     1.00     1.00     1.00     1.00     1.00     1.00     1.00     1.00     1.00     1.00     1.00     1.00  0.000  0.000 100.0 100.0
FIRST           0.27     0.06     0.00     0.33     0.00     0.00     0.33     0.29     0.08     0.00     0.00     0.25     0.00     1.00     0.00  0.737  0.326  15.2  18.4
LAST            0.27     0.03     0.00     0.33     0.00     0.00     0.29     0.31     0.08     0.00     0.06     0.00     0.00     1.00     0.00  0.737  0.326  14.7  17.6
WORDING         0.25     0.31     0.10     0.33     0.00     0.00     0.21     0.31     0.08     0.00     0.25     0.50     0.25     1.00     0.00  0.737  0.326  17.8  21.7
OVERLAP_A       0.27     0.12     0.00     0.33     0.00     0.17     0.29     0.31     0.08     0.00     0.00     0.25     0.25     1.00     0.00  0.737  0.326  17.5  21.4
OVERLAP_B       0.27     0.12     0.00     0.33     0.00     0.17     0.29     0.31     0.08     0.00     0.00     0.25     0.25     1.00     0.00  0.737  0.326  17.5  21.4
MARKER          0.27     0.08     0.00     0.33     0.00     0.00     0.21     0.29     0.08     0.00     0.16     0.00     0.00     1.00     0.00  0.737  0.326  14.0  16.8
ECHO            0.00     0.00     0.00     0.00     0.00     0.00     0.00     0.00     0.00     0.00     0.00     0.00     0.00     0.00     0.00  0.643  0.326   0.0   0.0
DEFLECT         0.00     0.00     0.00     0.00     0.03     0.00     0.00     0.00     0.08     0.00     0.00     0.00     0.00     0.00     0.00  0.747  0.326   1.3   0.0
SHOTGUN         0.00     0.00     0.00     0.00     0.00     0.00     0.00     0.00     0.08     0.00     0.00     0.00     0.00     1.00     0.00  0.737  0.326   0.9   0.0
USERVOICE       0.00     0.00     0.00     0.00     0.00     0.00     0.00     0.00     0.08     0.00     0.00     0.00     0.00     0.00     0.00  0.733  0.326   0.9   0.0
ABSTAIN         0.00     0.00     0.00     0.00     0.00     0.00     0.00     0.00     0.08     0.00     0.00     0.00     0.00     0.00     0.00  0.747  0.326   0.9   0.0
ROLECAP         0.00     0.00     0.00     0.00     0.00     0.00     0.00     0.00     0.08     0.00     0.00     0.00     0.00     0.00     0.00  0.567  0.118   0.9   0.0
P_NEVER         1.00     1.00     1.00     1.00     0.08     1.00     1.00     1.00     1.00     1.00     1.00     1.00     1.00     1.00     1.00  0.000  0.000  89.8 100.0
P_ONCE          1.00     1.00     1.00     1.00     0.08     1.00     1.00     1.00     1.00     1.00     1.00     1.00     1.00     1.00     1.00  0.000  0.000  89.8 100.0
P_FIRST5        1.00     1.00     1.00     1.00     0.08     1.00     1.00     1.00     1.00     1.00     1.00     1.00     1.00     1.00     1.00  0.000  0.000  89.8 100.0
P_UNIVERSAL     1.00     1.00     1.00     1.00     0.25     1.00     1.00     1.00     1.00     1.00     1.00     1.00     1.00     1.00     1.00  0.000  0.000  91.7 100.0
P_OBEYALL       1.00     1.00     1.00     1.00     0.67     1.00     1.00     1.00     1.00     1.00     1.00     1.00     1.00     1.00     1.00  0.000  0.000  96.3 100.0
L_REPEAT        1.00     1.00     1.00     1.00     1.00     1.00     1.00     1.00     0.08     1.00     1.00     1.00     1.00     1.00     1.00  0.060  0.000  89.8 100.0
L_SELFCOPY      1.00     1.00     1.00     1.00     1.00     1.00     1.00     1.00     0.08     1.00     1.00     1.00     1.00     1.00     1.00  0.060  0.000  89.8 100.0
L_STUTTER       1.00     1.00     1.00     1.00     1.00     1.00     1.00     1.00     0.00     1.00     1.00     1.00     1.00     1.00     1.00  0.066  0.000  88.9 100.0
ANTI_OVERLAP     0.25     0.03     0.00     0.33     0.00     0.00     0.27     0.31     0.08     0.00     0.06     0.00     0.00     1.00     0.00  0.737  0.326  14.2  17.1
ANTI_WORDING     0.27     0.14     0.00     0.35     0.00     0.06     0.33     0.31     0.08     0.00     0.25     0.00     0.06     1.00     0.00  0.737  0.326  17.3  21.0
LONGEST         0.30     0.27     0.00     0.33     0.00     0.21     0.33     0.33     0.08     0.00     0.28     0.19     0.31     1.00     0.00  0.737  0.326  20.6  25.3
SHORTEST        0.25     0.30     0.00     0.29     0.00     0.00     0.33     0.33     0.08     0.00     0.31     0.25     0.31     1.00     0.00  0.737  0.326  17.7  21.5
LEASTFREQ       0.27     0.03     0.00     0.33     0.00     0.00     0.35     0.31     0.08     0.00     0.06     0.00     0.00     1.00     0.00  0.737  0.326  15.3  18.5
MOSTFREQ        0.27     0.03     0.00     0.33     0.00     0.00     0.29     0.31     0.08     0.00     0.06     0.00     0.00     1.00     0.00  0.737  0.326  14.7  17.6
POS2            0.27     0.16     0.00     0.33     0.00     0.23     0.33     0.29     0.08     0.00     0.00     0.44     0.19     0.00     0.00  0.752  0.326  18.8  23.0
PENULT          0.27     0.17     0.00     0.33     0.00     0.21     0.33     0.27     0.08     0.00     0.16     0.12     0.25     0.00     0.00  0.752  0.326  18.5  22.6
ANTEPENULT      0.27     0.31     0.00     0.33     0.00     0.23     0.33     0.29     0.08     0.00     0.28     0.19     0.50     0.00     0.00  0.766  0.326  20.6  25.2
PENULT_MARKER     0.00     0.25     0.00     0.00     0.00     0.00     0.00     0.00     0.08     0.00     0.25     0.00     0.50     0.00     0.00  0.811  0.326   3.7   3.6
PREV_FRESH      0.27     0.23     0.00     0.33     0.00     0.21     0.31     0.27     0.08     0.00     0.16     0.12     0.50     1.00     0.00  0.737  0.326  19.0  23.2
EXL_OVERLAP     0.27     0.16     0.00     0.33     0.00     0.23     0.31     0.27     0.08     0.00     0.06     0.25     0.25     1.00     0.00  0.737  0.326  18.4  22.4
EXL_WORDING     0.27     0.31     0.00     0.35     0.00     0.21     0.27     0.27     0.08     0.00     0.25     0.50     0.25     1.00     0.00  0.737  0.326  19.6  24.0
EXL_MARKER      0.27     0.27     0.00     0.33     0.00     0.00     0.31     0.29     0.08     0.00     0.25     0.06     0.50     1.00     0.00  0.737  0.326  17.3  21.0
MYONLY          0.65     0.14     0.23     0.33     0.00     0.15     0.42     0.60     0.08     0.00     0.28     0.00     0.00     0.89     0.00  0.761  0.326  29.0  36.1
MARKER_OBJ      0.27     0.22     0.00     0.33     0.00     0.17     0.29     0.31     0.08     0.00     0.06     0.25     0.50     1.00     0.00  0.737  0.326  18.6  22.7
ORDER_ABS       0.37     0.06     0.00     0.33     0.00     0.00     0.33     0.29     0.08     0.50     0.00     0.25     0.00     0.50     0.00  0.742  0.326  16.3  19.8
CONSIST         0.27     0.06     0.00     0.33     0.00     1.00     0.33     0.29     0.08     0.00     0.00     0.25     0.00     1.00     0.00  0.737  0.326  26.3  32.7
VARIED          1.00     1.00     1.00     1.00     1.00     1.00     1.00     1.00     1.00     1.00     1.00     1.00     1.00     1.00     1.00  0.000  0.000 100.0 100.0

G4 histogram (composite units passed by k of the 11 generic cheaters, OVERLAP = A or B): 0:310, 1:43, 2:76, 3:53
G4 diagnostic, 11 generic + 14 audit value rules: 0:196, 1:25, 2:16, 3:27, 4:49, 5:57, 6:36, 7:47, 8:26, 9:2, 10:1
reported, not gated: MYONLY RECALL=0.65, MYONLY ROLE=0.60, MARKER_OBJ CORR:U-same=0.12, CONSIST OWN=1.00, VARIED LOOP=1.00, ORDER_ABS LOOKUP=0.50, ORDER_ABS RECALL=0.37
OBEYALL on PERSIST:hold (IDEAL by construction, not gated): 1.00
Level R shortcut ceiling (best SHORTCUT fake per state family, OWN gated by its --own-cf run): S7 36.73 (RECALL 0.650 MYONLY, CORR 0.312 WORDING, BIND 0.233 MYONLY, TWOHOP 0.354 ANTI_WORDING, OWN 0.000 FIRST, TOPIC 0.417 MYONLY, ROLE 0.604 MYONLY); with OWN at the best own-history OWN (POS2 0.229): 40.00; bar 40.0

G1-G3 PASS
G4 PASS
